0,014754
0,013571
0,014316
0,015833
0,015848
0,016260
0,014774
0,014365
0,015921
0,015351
0,012478
0,014669
0,016024
0,016599
0,014166
0,014303
0,012853
0,013486
0,012282
0,013686
0,013576
0,016408
0,015370
0,014486
0,015722
0,014365
0,014287
0,017252
0,014891
0,015776
0,015073
0,014951
0,014161
0,016734
0,015932
0,013641
0,013517
0,013709
0,015337
0,015339
0,014892
0,013137
0,015234
0,015181
0,014368
0,014231
0,015245
0,015599
0,014868
0,014243
Média: 0,01478128
Desvio padrão: 0,001101999297011
