0,408936
0,404224
0,407218
0,406185
0,393635
0,396908
0,405600
0,402812
0,393442
0,403712
0,396400
0,404501
0,390495
0,400846
0,400986
0,408006
0,394249
0,406471
0,402702
0,405994
0,393863
0,397057
0,401940
0,404588
0,401478
0,399137
0,403373
0,396731
0,406378
0,406854
0,396795
0,395851
0,407218
0,404682
0,403168
0,404500
0,408474
0,400985
0,404229
0,401507
0,397035
0,405715
0,406654
0,406248
0,393885
0,392528
0,404794
0,403370
0,393222
0,396100
0,396389
0,408117
0,393317
0,404071
0,404020
0,401701
0,405338
0,395350
0,398024
0,399740
0,397704
0,403966
0,402947
0,397367
0,398759
0,402605
0,406367
0,395548
0,403936
0,408347
0,397435
0,403289
0,395303
0,391268
0,408156
0,400736
0,402254
0,406739
0,390954
0,401617
0,406205
0,397843
0,402673
0,391285
0,396827
0,410236
0,399285
0,398091
0,396478
0,404282
0,403430
0,400378
0,406951
0,394033
0,394462
0,396309
0,398198
0,402191
0,400500
0,401137
Média: 0,40093839
Desvio padrão: 0,004947010259028
