0,343195
0,344451
0,343255
0,338926
0,344176
0,342557
0,343609
0,346067
0,339441
0,339835
0,337946
0,346225
0,340794
0,340553
0,345968
0,340422
0,335559
0,342206
0,346813
0,343874
0,344174
0,347646
0,349385
0,340601
0,337077
0,363936
0,338313
0,348762
0,345695
0,334364
0,342038
0,346259
0,349586
0,342451
0,337446
0,338442
0,340101
0,338722
0,339374
0,338654
0,344745
0,345673
0,337607
0,343569
0,345273
0,333151
0,347893
0,340693
0,345486
0,348049
0,340454
0,337745
0,340247
0,341872
0,344315
0,346226
0,339330
0,339491
0,342273
0,339839
0,332331
0,344335
0,342858
0,340996
0,335578
0,344271
0,339088
0,343510
0,339347
0,350367
0,346223
0,344567
0,340769
0,342124
0,344209
0,341339
0,356964
0,348630
0,342750
0,342361
0,340308
0,346271
0,342678
0,342041
0,338391
0,349057
0,342161
0,342346
0,342393
0,343023
0,348358
0,353539
0,343358
0,343141
0,344114
0,345520
0,345190
0,341441
Média: 0,342946693877551
Desvio padrão: 0,004617693953882
