0,672657
0,678006
0,679086
0,671439
0,681562
0,674669
0,668682
0,661738
0,662915
0,666610
0,667275
0,682608
0,664996
0,676671
0,677204
0,668786
0,667508
0,683687
0,672413
0,668459
0,669672
0,665502
0,677759
0,679664
0,698879
0,681099
0,670281
0,678767
0,658051
0,681261
0,670619
0,665477
0,673764
0,673022
0,670858
0,664892
0,663150
0,677527
0,676899
0,674680
0,668260
0,681649
0,669064
0,668618
0,678248
0,671186
0,676333
0,662506
0,679354
0,666591
Média: 0,67281206
Desvio padrão: 0,007377065146791
