0,009432
0,008189
0,007953
0,008257
0,007972
0,008076
0,008075
0,008074
0,008621
0,008257
0,008140
0,008266
0,008189
0,007911
0,008076
0,007945
0,008223
0,009241
0,008388
0,007897
0,008446
0,008198
0,009573
0,008052
0,008352
0,008111
0,008164
0,008093
0,008307
0,008279
0,007997
0,008303
0,008292
0,008067
0,008349
0,008128
0,008197
0,008097
0,008230
0,008036
0,008213
0,008230
0,008362
0,008149
0,009348
0,008445
0,007962
0,008409
0,008283
0,008062
Média: 0,00827832
Desvio Padrão: 0,000368258418583
