0,007761
0,008339
0,008050
0,007882
0,007675
0,008115
0,007239
0,009001
0,007565
0,007195
0,007547
0,007840
0,008594
0,007434
0,008014
0,008328
0,008444
0,007799
0,008155
0,007303
0,008210
0,007709
0,007914
0,007957
0,008571
0,008208
0,007719
0,008232
0,010088
0,007322
0,007800
0,008353
0,008239
0,007865
0,007625
0,007476
0,007879
0,008035
0,007579
0,007702
0,008080
0,007385
0,007628
0,007651
0,008377
0,007531
0,007579
0,008700
0,007550
0,007498
Média: 0,00793484
Desvio padrão: 0,000511057421591
