0,002299
0,001038
0,000986
0,002332
0,001169
0,001033
0,002126
0,002182
0,001949
0,001070
0,001100
0,003500
0,002242
0,002159
0,001062
0,001061
0,002173
0,001038
0,001096
0,001097
0,001017
0,001060
0,001659
0,001024
0,002217
0,001077
0,001065
0,002119
0,001054
0,001046
0,002014
0,001143
0,001046
0,001107
0,001020
0,001039
0,002228
0,002057
0,001084
0,001192
0,001818
0,001131
0,001078
0,001010
0,002967
0,002342
0,002047
0,001062
0,002380
0,001227
Média: 0,00154084
Desvio padrão: 0,000628025716359
