0,077401
0,078969
0,077587
0,076052
0,079176
0,074780
0,078211
0,072996
0,077271
0,077211
0,078201
0,078029
0,075982
0,075437
0,076307
0,076346
0,075099
0,077913
0,078179
0,075063
0,075968
0,077413
0,074087
0,077604
0,076305
0,078226
0,077895
0,078065
0,077799
0,075616
0,075316
0,075430
0,077580
0,075166
0,077668
0,077982
0,077058
0,075457
0,078606
0,077077
0,076289
0,079996
0,079126
0,078565
0,074637
0,076872
0,076966
0,076600
0,077363
0,076215
Média: 0,07690314
Desvio padrão: 0,001453156044685
