0,032184
0,033616
0,033018
0,029764
0,034514
0,032414
0,032375
0,032442
0,033409
0,031338
0,034411
0,031069
0,033235
0,033568
0,031614
0,033614
0,031551
0,031286
0,031621
0,031906
0,032722
0,033646
0,031350
0,032309
0,032430
0,032666
0,033772
0,031834
0,032740
0,033605
0,032508
0,031683
0,033616
0,032161
0,033397
0,031267
0,030984
0,035787
0,033011
0,032072
0,033492
0,031733
0,032667
0,033110
0,035903
0,033466
0,032750
0,034183
0,034229
0,032505
Média: 0,03273094
Desvio padrão: 0,001194908354611
